3.0775130857088864,1.359711178701406,2.5107129593494064,1.6788849989648342,1.8504083634489725,1.923501817222126
1.359711178701406,1.243955362841177,1.1019141247631936,0.6622481122334528,1.1273764896541487,1.0545080832982106
2.5107129593494064,1.1019141247631936,2.2895158041215646,1.4254388066601549,1.4528794430446241,1.1667149005909707
1.6788849989648342,0.6622481122334528,1.4254388066601549,1.0624365112139211,1.1087929585011493,0.8244131503227616
1.8504083634489725,1.1273764896541487,1.4528794430446241,1.1087929585011493,1.6030655651918315,1.2436020783993413
1.923501817222126,1.0545080832982106,1.1667149005909707,0.8244131503227616,1.2436020783993413,2.074026935909068
