2.171002851489896,1.9919466325433095,1.0625835089086044,0.9485225050124391,1.243395629080135,1.8050329590131133
1.9919466325433095,2.2364682408399563,1.229575358464229,1.1734696064770391,1.4194464243212772,1.921097125296287
1.0625835089086044,1.229575358464229,0.7701576629028712,0.5654549397885595,0.7244459174612158,1.1646438746209173
0.9485225050124391,1.1734696064770391,0.5654549397885595,0.9274325794079902,0.8772233081107128,0.9859552449817655
1.243395629080135,1.4194464243212772,0.7244459174612158,0.8772233081107128,1.2957822135473962,1.275227706797091
1.8050329590131133,1.921097125296287,1.1646438746209173,0.9859552449817655,1.275227706797091,2.0431360073496903
