2.1710028514899,1.99194663254331,1.0625835089086,0.948522505012439,1.24339562908014,1.80503295901311
1.99194663254331,2.23646824083996,1.22957535846423,1.17346960647704,1.41944642432128,1.92109712529629
1.0625835089086,1.22957535846423,0.770157662902871,0.56545493978856,0.724445917461216,1.16464387462092
0.948522505012439,1.17346960647704,0.56545493978856,0.92743257940799,0.877223308110713,0.985955244981766
1.24339562908014,1.41944642432128,0.724445917461216,0.877223308110713,1.2957822135474,1.27522770679709
1.80503295901311,1.92109712529629,1.16464387462092,0.985955244981766,1.27522770679709,2.04313600734969
